{
 "cells": [
  {
   "cell_type": "code",
   "execution_count": 1,
   "id": "e83982f6-282e-4e25-967a-f50d21672d3b",
   "metadata": {},
   "outputs": [],
   "source": [
    "# 1. Extract key features ( contrast ,energy, corelation ) from the glcm --> do it using a dataset named MRI , which includes two other folders tumor and non-tumor containing 20 images in each folder , do what you can do\n",
    "# 2. Compute the GLCM for a grayscale image with atleaast two different distances and angles ( eg. 1 pixel at 0 degree, 45 deg. , 90 dg., 135 deg. ) and normalize GLCM.\n",
    "\n"
   ]
  },
  {
   "cell_type": "code",
   "execution_count": null,
   "id": "6d9c848e-37a6-4133-b48c-3af99939026a",
   "metadata": {},
   "outputs": [],
   "source": [
    "import cv2\n",
    "import numpy as np\n",
    "import matplotlib.pyplot as plt"
   ]
  },
  {
   "cell_type": "code",
   "execution_count": 4,
   "id": "e9beb0f3-f05f-465e-84cd-41be80054663",
   "metadata": {},
   "outputs": [
    {
     "name": "stdout",
     "output_type": "stream",
     "text": [
      "GLCM for distance = 1, angle = 0.00°\n",
      "[[4.90031362e-04 3.18202183e-04 2.20832315e-04 ... 0.00000000e+00\n",
      "  0.00000000e+00 0.00000000e+00]\n",
      " [3.18202183e-04 1.25600766e-02 1.56173631e-03 ... 0.00000000e+00\n",
      "  0.00000000e+00 0.00000000e+00]\n",
      " [2.20832315e-04 1.56173631e-03 4.27205523e-02 ... 0.00000000e+00\n",
      "  0.00000000e+00 0.00000000e+00]\n",
      " ...\n",
      " [0.00000000e+00 0.00000000e+00 0.00000000e+00 ... 1.27280873e-05\n",
      "  1.71829179e-05 3.05474096e-05]\n",
      " [0.00000000e+00 0.00000000e+00 0.00000000e+00 ... 1.71829179e-05\n",
      "  2.29105572e-05 4.83667318e-05]\n",
      " [0.00000000e+00 0.00000000e+00 0.00000000e+00 ... 3.05474096e-05\n",
      "  4.83667318e-05 1.04497597e-03]]\n",
      "--------------------------------------------------\n",
      "GLCM for distance = 1, angle = 45.00°\n",
      "[[1.27156576e-03 0.00000000e+00 0.00000000e+00 ... 0.00000000e+00\n",
      "  0.00000000e+00 0.00000000e+00]\n",
      " [0.00000000e+00 1.50413513e-02 0.00000000e+00 ... 0.00000000e+00\n",
      "  0.00000000e+00 0.00000000e+00]\n",
      " [0.00000000e+00 0.00000000e+00 4.70860799e-02 ... 0.00000000e+00\n",
      "  0.00000000e+00 0.00000000e+00]\n",
      " ...\n",
      " [0.00000000e+00 0.00000000e+00 0.00000000e+00 ... 9.28243001e-05\n",
      "  0.00000000e+00 0.00000000e+00]\n",
      " [0.00000000e+00 0.00000000e+00 0.00000000e+00 ... 0.00000000e+00\n",
      "  1.24613444e-04 0.00000000e+00]\n",
      " [0.00000000e+00 0.00000000e+00 0.00000000e+00 ... 0.00000000e+00\n",
      "  0.00000000e+00 1.23850505e-03]]\n",
      "--------------------------------------------------\n",
      "GLCM for distance = 1, angle = 90.00°\n",
      "[[7.20644557e-04 2.44458931e-04 1.31142031e-04 ... 0.00000000e+00\n",
      "  0.00000000e+00 0.00000000e+00]\n",
      " [2.44458931e-04 1.26482032e-02 1.51067980e-03 ... 0.00000000e+00\n",
      "  0.00000000e+00 0.00000000e+00]\n",
      " [1.31142031e-04 1.51067980e-03 4.30986188e-02 ... 0.00000000e+00\n",
      "  0.00000000e+00 0.00000000e+00]\n",
      " ...\n",
      " [0.00000000e+00 0.00000000e+00 0.00000000e+00 ... 1.40054596e-05\n",
      "  2.67376956e-05 1.90983540e-05]\n",
      " [0.00000000e+00 0.00000000e+00 0.00000000e+00 ... 2.67376956e-05\n",
      "  3.31038136e-05 4.51994377e-05]\n",
      " [0.00000000e+00 0.00000000e+00 0.00000000e+00 ... 1.90983540e-05\n",
      "  4.51994377e-05 1.13444223e-03]]\n",
      "--------------------------------------------------\n",
      "GLCM for distance = 1, angle = 135.00°\n",
      "[[1.27156576e-03 0.00000000e+00 0.00000000e+00 ... 0.00000000e+00\n",
      "  0.00000000e+00 0.00000000e+00]\n",
      " [0.00000000e+00 1.50413513e-02 0.00000000e+00 ... 0.00000000e+00\n",
      "  0.00000000e+00 0.00000000e+00]\n",
      " [0.00000000e+00 0.00000000e+00 4.70860799e-02 ... 0.00000000e+00\n",
      "  0.00000000e+00 0.00000000e+00]\n",
      " ...\n",
      " [0.00000000e+00 0.00000000e+00 0.00000000e+00 ... 9.28243001e-05\n",
      "  0.00000000e+00 0.00000000e+00]\n",
      " [0.00000000e+00 0.00000000e+00 0.00000000e+00 ... 0.00000000e+00\n",
      "  1.24613444e-04 0.00000000e+00]\n",
      " [0.00000000e+00 0.00000000e+00 0.00000000e+00 ... 0.00000000e+00\n",
      "  0.00000000e+00 1.23850505e-03]]\n",
      "--------------------------------------------------\n",
      "GLCM for distance = 2, angle = 0.00°\n",
      "[[2.21685421e-04 2.24233529e-04 2.97491642e-04 ... 0.00000000e+00\n",
      "  0.00000000e+00 0.00000000e+00]\n",
      " [2.24233529e-04 1.11989359e-02 2.60098153e-03 ... 0.00000000e+00\n",
      "  0.00000000e+00 0.00000000e+00]\n",
      " [2.97491642e-04 2.60098153e-03 3.99683525e-02 ... 0.00000000e+00\n",
      "  0.00000000e+00 0.00000000e+00]\n",
      " ...\n",
      " [0.00000000e+00 0.00000000e+00 0.00000000e+00 ... 6.37027071e-06\n",
      "  1.01924331e-05 3.43994618e-05]\n",
      " [0.00000000e+00 0.00000000e+00 0.00000000e+00 ... 1.01924331e-05\n",
      "  2.29329746e-05 4.52289220e-05]\n",
      " [0.00000000e+00 0.00000000e+00 0.00000000e+00 ... 3.43994618e-05\n",
      "  4.52289220e-05 9.42800065e-04]]\n",
      "--------------------------------------------------\n",
      "GLCM for distance = 2, angle = 45.00°\n",
      "[[3.28812795e-04 3.25626624e-04 2.71461726e-04 ... 0.00000000e+00\n",
      "  0.00000000e+00 0.00000000e+00]\n",
      " [3.25626624e-04 1.11872818e-02 2.51133958e-03 ... 0.00000000e+00\n",
      "  0.00000000e+00 0.00000000e+00]\n",
      " [2.71461726e-04 2.51133958e-03 4.04949525e-02 ... 0.00000000e+00\n",
      "  0.00000000e+00 0.00000000e+00]\n",
      " ...\n",
      " [0.00000000e+00 0.00000000e+00 0.00000000e+00 ... 1.01957456e-05\n",
      "  1.65680866e-05 3.05872367e-05]\n",
      " [0.00000000e+00 0.00000000e+00 0.00000000e+00 ... 1.65680866e-05\n",
      "  1.91170229e-05 5.73510688e-05]\n",
      " [0.00000000e+00 0.00000000e+00 0.00000000e+00 ... 3.05872367e-05\n",
      "  5.73510688e-05 1.02722137e-03]]\n",
      "--------------------------------------------------\n",
      "GLCM for distance = 2, angle = 90.00°\n",
      "[[4.36010933e-04 2.51789940e-04 2.29479439e-04 ... 0.00000000e+00\n",
      "  0.00000000e+00 0.00000000e+00]\n",
      " [2.51789940e-04 1.09321455e-02 2.61734049e-03 ... 0.00000000e+00\n",
      "  0.00000000e+00 0.00000000e+00]\n",
      " [2.29479439e-04 2.61734049e-03 4.03220871e-02 ... 0.00000000e+00\n",
      "  0.00000000e+00 0.00000000e+00]\n",
      " ...\n",
      " [0.00000000e+00 0.00000000e+00 0.00000000e+00 ... 7.64931462e-06\n",
      "  1.52986292e-05 3.69716873e-05]\n",
      " [0.00000000e+00 0.00000000e+00 0.00000000e+00 ... 1.52986292e-05\n",
      "  2.03981723e-05 5.67324168e-05]\n",
      " [0.00000000e+00 0.00000000e+00 0.00000000e+00 ... 3.69716873e-05\n",
      "  5.67324168e-05 1.06070496e-03]]\n",
      "--------------------------------------------------\n",
      "GLCM for distance = 2, angle = 135.00°\n",
      "[[3.10970240e-04 3.31361731e-04 2.67001087e-04 ... 0.00000000e+00\n",
      "  0.00000000e+00 0.00000000e+00]\n",
      " [3.31361731e-04 1.11732627e-02 2.50496724e-03 ... 0.00000000e+00\n",
      "  0.00000000e+00 0.00000000e+00]\n",
      " [2.67001087e-04 2.50496724e-03 4.04898546e-02 ... 0.00000000e+00\n",
      "  0.00000000e+00 0.00000000e+00]\n",
      " ...\n",
      " [0.00000000e+00 0.00000000e+00 0.00000000e+00 ... 5.09787279e-06\n",
      "  1.33819161e-05 3.95085141e-05]\n",
      " [0.00000000e+00 0.00000000e+00 0.00000000e+00 ... 1.33819161e-05\n",
      "  1.91170229e-05 4.90670256e-05]\n",
      " [0.00000000e+00 0.00000000e+00 0.00000000e+00 ... 3.95085141e-05\n",
      "  4.90670256e-05 1.01192775e-03]]\n",
      "--------------------------------------------------\n"
     ]
    }
   ],
   "source": [
    "def compute_glcm(image, distances=[1, 2], angles=[0, np.pi/4, np.pi/2, 3*np.pi/4], levels=256):\n",
    "    h, w = image.shape\n",
    "    glcm_dict = {}\n",
    "\n",
    "    for d in distances:\n",
    "        for theta in angles:\n",
    "            dx = int(d * np.cos(theta)) \n",
    "            dy = int(d * np.sin(theta)) \n",
    "            glcm = np.zeros((levels, levels), dtype=np.float64)\n",
    "\n",
    "            for i in range(h - abs(dy)):\n",
    "                for j in range(w - abs(dx)):\n",
    "                    pixel_val = image[i, j]\n",
    "                    neighbor_val = image[i + dy, j + dx]\n",
    "                    glcm[pixel_val, neighbor_val] += 1\n",
    "                    glcm[neighbor_val, pixel_val] += 1 \n",
    "\n",
    "           \n",
    "            glcm /= glcm.sum()\n",
    "            glcm_dict[(d, theta)] = glcm\n",
    "\n",
    "    return glcm_dict\n",
    "\n",
    "image = cv2.imread('p5.jpg', cv2.IMREAD_GRAYSCALE)\n",
    "\n",
    "\n",
    "glcm_matrices = compute_glcm(image, distances=[1, 2], angles=[0, np.pi/4, np.pi/2, 3*np.pi/4])\n",
    "\n",
    "\n",
    "for key, glcm in glcm_matrices.items():\n",
    "    distance, angle = key\n",
    "    print(f\"GLCM for distance = {distance}, angle = {np.degrees(angle):.2f}°\")\n",
    "    print(glcm)\n",
    "    print(\"-\" * 50)\n"
   ]
  },
  {
   "cell_type": "code",
   "execution_count": null,
   "id": "d6d1aa19-415d-4b8f-9903-39c00da9e3fe",
   "metadata": {},
   "outputs": [],
   "source": []
  },
  {
   "cell_type": "code",
   "execution_count": 10,
   "id": "bba37a0a-8340-4cc8-849a-aa3657c20412",
   "metadata": {},
   "outputs": [
    {
     "name": "stdout",
     "output_type": "stream",
     "text": [
      "              Image   Category  Distance  Angle (Degrees)    Contrast  \\\n",
      "0    Tr-me_0020.jpg      Tumor         1              0.0   48.012032   \n",
      "1    Tr-me_0020.jpg      Tumor         1             45.0    0.000000   \n",
      "2    Tr-me_0020.jpg      Tumor         1             90.0   45.664131   \n",
      "3    Tr-me_0020.jpg      Tumor         1            135.0    0.000000   \n",
      "4    Tr-me_0020.jpg      Tumor         2              0.0  168.152880   \n",
      "..              ...        ...       ...              ...         ...   \n",
      "315  Tr-no_0025.jpg  Non-Tumor         1            135.0    0.000000   \n",
      "316  Tr-no_0025.jpg  Non-Tumor         2              0.0  203.376177   \n",
      "317  Tr-no_0025.jpg  Non-Tumor         2             45.0   98.977504   \n",
      "318  Tr-no_0025.jpg  Non-Tumor         2             90.0  147.491824   \n",
      "319  Tr-no_0025.jpg  Non-Tumor         2            135.0   95.125020   \n",
      "\n",
      "       Energy  Correlation  \n",
      "0    0.098580     0.990108  \n",
      "1    0.110680     1.000000  \n",
      "2    0.099540     0.990592  \n",
      "3    0.110680     1.000000  \n",
      "4    0.093040     0.965390  \n",
      "..        ...          ...  \n",
      "315  0.088286     1.000000  \n",
      "316  0.057983     0.924694  \n",
      "317  0.060349     0.963351  \n",
      "318  0.058615     0.945387  \n",
      "319  0.060427     0.964777  \n",
      "\n",
      "[320 rows x 7 columns]\n"
     ]
    }
   ],
   "source": [
    "import cv2\n",
    "import numpy as np\n",
    "import os\n",
    "import pandas as pd\n",
    "\n",
    "def compute_glcm(image, distances=[1, 2], angles=[0, np.pi/4, np.pi/2, 3*np.pi/4], levels=256):\n",
    "  \n",
    "    h, w = image.shape\n",
    "    glcm_dict = {}\n",
    "\n",
    "    for d in distances:\n",
    "        for theta in angles:\n",
    "            dx = int(d * np.cos(theta))\n",
    "            dy = int(d * np.sin(theta))\n",
    "            glcm = np.zeros((levels, levels), dtype=np.float64)\n",
    "\n",
    "            for i in range(h - abs(dy)):\n",
    "                for j in range(w - abs(dx)):\n",
    "                    pixel_val = image[i, j]\n",
    "                    neighbor_val = image[i + dy, j + dx]\n",
    "                    glcm[pixel_val, neighbor_val] += 1\n",
    "                    glcm[neighbor_val, pixel_val] += 1  \n",
    "\n",
    "            glcm /= glcm.sum()  \n",
    "            glcm_dict[(d, theta)] = glcm\n",
    "\n",
    "    return glcm_dict\n",
    "\n",
    "def compute_features(glcm):\n",
    "   \n",
    "    levels = glcm.shape[0]\n",
    "    i, j = np.indices((levels, levels))\n",
    "\n",
    "    contrast = np.sum(glcm * (i - j) ** 2)\n",
    "    energy = np.sum(glcm ** 2)\n",
    "    \n",
    "    mean_i = np.sum(i * glcm)\n",
    "    mean_j = np.sum(j * glcm)\n",
    "    std_i = np.sqrt(np.sum((i - mean_i) ** 2 * glcm))\n",
    "    std_j = np.sqrt(np.sum((j - mean_j) ** 2 * glcm))\n",
    "\n",
    "    correlation = np.sum(((i - mean_i) * (j - mean_j) * glcm) / (std_i * std_j + 1e-6))\n",
    "\n",
    "    return contrast, energy, correlation\n",
    "\n",
    "def process_dataset(dataset_path):\n",
    "    \n",
    "    categories = [\"Tumor\", \"Non-Tumor\"]\n",
    "    results = []\n",
    "\n",
    "    for category in categories:\n",
    "        folder_path = os.path.join(dataset_path, category)\n",
    "        for filename in os.listdir(folder_path):\n",
    "            img_path = os.path.join(folder_path, filename)\n",
    "\n",
    " \n",
    "            image = cv2.imread(img_path, cv2.IMREAD_GRAYSCALE)\n",
    "            if image is None:\n",
    "                continue\n",
    "\n",
    "    \n",
    "            glcm_matrices = compute_glcm(image, distances=[1, 2], angles=[0, np.pi/4, np.pi/2, 3*np.pi/4])\n",
    "\n",
    "\n",
    "            for (d, theta), glcm in glcm_matrices.items():\n",
    "                contrast, energy, correlation = compute_features(glcm)\n",
    "\n",
    "               \n",
    "                results.append({\n",
    "                    \"Image\": filename,\n",
    "                    \"Category\": category,\n",
    "                    \"Distance\": d,\n",
    "                    \"Angle (Degrees)\": np.degrees(theta),\n",
    "                    \"Contrast\": contrast,\n",
    "                    \"Energy\": energy,\n",
    "                    \"Correlation\": correlation\n",
    "                })\n",
    "\n",
    "    return pd.DataFrame(results)\n",
    "\n",
    "\n",
    "dataset_path = \"MRI\"\n",
    "\n",
    "\n",
    "df = process_dataset(dataset_path)\n",
    "\n",
    "\n",
    "df.to_csv(\"glcm_features_all_angles.csv\", index=False)\n",
    "\n",
    "print(df)\n"
   ]
  },
  {
   "cell_type": "code",
   "execution_count": null,
   "id": "aae4ecc6-78e6-4ea4-b5d9-58216d9cef59",
   "metadata": {},
   "outputs": [],
   "source": []
  }
 ],
 "metadata": {
  "kernelspec": {
   "display_name": "Python 3 (ipykernel)",
   "language": "python",
   "name": "python3"
  },
  "language_info": {
   "codemirror_mode": {
    "name": "ipython",
    "version": 3
   },
   "file_extension": ".py",
   "mimetype": "text/x-python",
   "name": "python",
   "nbconvert_exporter": "python",
   "pygments_lexer": "ipython3",
   "version": "3.11.4"
  }
 },
 "nbformat": 4,
 "nbformat_minor": 5
}
